103,96
103,95
103,94
103,93
103,92
103,91
103,90
103,89
103,88
103,87
103,86
103,85
103,84
103,83
103,82
103,81
103,80
103,79
103,78
103,77
103,76
103,75
103,74
103,73
103,72
103,71
103,70
103,69
103,68
103,67
103,66
103,65
103,64
103,45
103,44
103,43
103,40
103,39
103,37
103,32
103,29
103,28
103,27
103,24
103,23
103,21
103,20
103,18
103,16
103,15
103,14
103,13
103,12
103,11
103,9
103,8
103,5
103,3
103,1
103,0
94,6
94,5
94,1
94,3
92,5
92,1
92,4
87,1
87,3
85,3
85,1
84,4
84,3
84,1
83,3
83,1
81,1
81,3
78,4
78,1
78,3
65,1
54,4
54,1
54,3
46,7
46,5
46,4
46,1
46,3
45,7
45,5
45,4
45,3
45,1
44,4
44,3
44,1
43,4
43,1
36,1
32,5
32,3
32,1
27,4
27,1
24,1
20,3
20,2
20,1
19,3
19,2
19,1
18,3
18,1
14,10
14,9
14,8
14,7
14,6
14,5
14,3
14,1
13,3
13,1
12,3
12,2
12,1
11,30
11,29
11,28
11,21
11,18
11,13
11,10
11,3
11,2
11,1
10,297
10,227
10,225
10,115
10,25
10,3
10,2
10,1
9,7
9,5
9,3
9,2
9,1
8,17
8,16
8,13
8,8
8,6
8,5
8,3
8,2
8,1
3,1
3,3
3,2
2,3
2,2
2,1
0,574
0,567
0,566
0,564
0,563
0,559
0,557
0,548
0,544
0,543
0,539
0,535
0,529
0,516
0,491
0,477
0,476
0,456
0,448
0,392
0,319
0,318
0,315
0,313
0,310
0,308
0,306
0,298
0,273
0,0
266,34
266,33
266,32
266,31
266,30
266,29
266,28
266,27
266,26
266,25
266,24
266,23
266,22
266,21
266,20
266,19
266,18
266,17
266,16
266,15
266,14
266,13
266,12
266,11
266,10
266,9
266,8
266,7
266,6
266,5
266,4
266,3
266,2
266,0
0,546
0,276
0,275
0,272
0,271
0,12
0,515
0,10
0,8
0,528
0,394
0,268
0,494
0,466
0,267
0,532
0,530
0,266
0,514
0,265
0,527
0,264
0,512
0,296
0,263
0,511
0,307
0,262
0,462
0,286
0,261
0,510
0,260
0,459
0,259
0,457
0,475
0,258
0,455
0,425
0,257
0,453
0,316
0,256
0,283
0,492
0,255
0,387
0,451
0,254
0,474
0,450
0,253
0,385
0,449
0,252
0,540
0,473
0,251
0,490
0,446
0,250
0,526
0,444
0,249
0,534
0,397
0,248
0,445
0,471
0,247
0,489
0,418
0,246
103,97
103,98
103,100
103,101
103,103
103,104
103,106
103,108
103,109
103,111
103,112
103,114
103,116
103,117
103,119
103,120
103,122
103,123
103,125
103,127
103,128
103,193
103,194
103,196
103,198
103,199
103,201
103,202
103,204
103,205
103,207
103,209
103,210
103,212
103,213
103,215
103,217
214,1
215,1
215,3
217,1
223,1
223,3
223,5
246,3
246,1
246,5
246,8
246,11
246,13
246,16
246,17
246,21
8,9
8,14
11,8
11,23
11,22
11,26
10,293
10,289
10,299
10,23
10,69
0,270
246,9
246,12
246,18
246,20
246,23
246,24
246,26
246,28
246,29
246,31
246,32
246,34
246,64
